1024
1026
1035
1162
1196
1227
1317
1338
1342
1362
1409
1418
1454
1532
1539
1555
1595
1605
1624
1643
1665
1737
1741
1776
1891
1900
1937
1951
1997
2024
2037
2101
2112
2142
2146
2148
2165
2236
2248
2342
2364
2406
2422
2437
2452
2455
2462
2562
2571
2580
2616
2627
2711
2730
2765
2795
2797
2857
2860
2876
2906
2934
2937
3116
3126
3344
3349
3390
3404
3406
3407
3444
3447
3462
3476
3479
3483
3510
3600
3650
3699
3731
3737
3760
3809
3870
3923
3988
3996
4003
4058
4080
4128
4158
4172
4204
4261
4322
4329
4396
4415
4423
4430
4453
4467
4572
4573
4604
4697
4720
4721
4787
4837
4851
4880
4921
4932
4956
4997
5030
5079
5081
5108
5152
5156
5204
5211
5214
5258
5362
5363
5425
5444
5509
5566
5570
5610
5613
5647
5680
5702
5712
5764
5779
5808
5841
5883
5885
5899
5927
5928
5946
5962
6001
6018
6066
6068
6093
6111
6134
6141
6145
6296
6310
6348
6410
6421
6425
6464
6526
6589
6604
6617
6629
6639
6653
6671
6677
6713
6779
6786
6802
6808
6848
6856
6960
6968
7025
7066
7197
7233
7252
7271
7304
7320
7437
7459
7468
7470
7479
7480
7551
7609
7649
7665
7681
7698
7724
7766
7773
7789
7792
7815
7829
7834
7906
7999
8059
8090
8232
8276
8365
8420
8424
8436
8447
8484
8491
8494
8497
8515
8529
8532
8623
8638
8640
8666
8699
8705
8746
8754
8764
8771
8785
8796
8844
8873
8881
8893
8905
8923
8937
8949
8976
8999