7773
5204
8494
6134
6310
6677
3996
5566
4837
2101
8923
5363
2876
8893
5885
4261
1595
6848
3760
3988
2146
2455
5108
2857
8090
2562
5610
1342
4921
4880
5927
1362
6145
7906
6713
1162
4158
7233
8623
4697
8491
8276
5362
2934
1741
2142
4720
2797
3407
8705
3737
7649
7320
5808
7025
3349
1900
2860
4430
7724
5841
2795
8436
6968
1937
1737
2342
6653
3406
4787
2571
3731
8420
3483
2422
4003
4204
6589
5928
7815
4396
1409
4453
3510
2937
1776
1035
4997
5081
6410
5509
3809
2364
2462
6296
4080
4573
2037
4956
4128
2627
6068
1605
8881
7480
7766
8484
8949
6141
4329
5647
7789
2248
8529
7459
6526
2437
2580
5444
8365
1227
4604
3404
8754
3923
7304
4423