7773
5204
8494
6134
6310
6677
3996
5566
4837
2101
8923
5363
2876
8893
5885
4261
1595
6848
3760
3988
2146
2455
5108
2857
8090
2562
5610
1342
4921
4880
5927
1362
6145
7906
6713
1162
4158
7233
8623
4697
8491
8276
5362
2934
1741
2142
4720
2797
3407
8705
3737
7649
7320
5808
7025
3349
1900
2860
4430
7724
5841
2795
8436
6968
1937
1737
2342
6653
3406
4787
2571
3731
8420
3483
2422
4003
4204
6589
5928
7815
4396
1409
4453
3510
2937
1776
1035
4997
5081
6410
5509
3809
2364
2462
6296
4080
4573
2037
4956
4128
2627
6068
1605
8881
7480
7766
8484
8949
6141
4329
5647
7789
2248
8529
7459
6526
2437
2580
5444
8365
1227
4604
3404
8754
3923
7304
4423
7698
3462
7792
8666
1026
2165
5962
5779
8937
3126
6802
8497
4721
1196
1665
5258
3344
6018
1643
2406
7271
7437
1454
8976
4172
5680
3600
3444
5152
1997
6671
7197
5030
6111
1891
6639
8515
3447
7252
1338
4851
1624
6066
5899
1532
2452
8532
8638
8232
6425
6617
8746
5613
8699
6001
1418
8999
3390
3116
7681
4415
2024
5702
4932
7999
5712
5883
4058
6786
6856
4572
4467
3699
5764
1024
6604
7829
7468
7609
2765
8424
6629
7551
8873
1555
8771
8796
2616
7479
3476
6960
6464
8447
2112
8785
6808
1539
8844
5570
6093
6348
7834
5214
8059
3650
2730
1317
2906
3479
7470
6779
2711
1951
5946
3870
8764
2236
2148
5079
8640
7665
5156
5211
8905
5425
6421
4322
7066