1024
1026
1035
1162
1196
1227
1317
1338
1342
1362
1409
1418
1454
1532
1539
1555
1595
1605
1624
1643
1665
1737
1741
1776
1891
1900
1937
1951
1997
2024
2037
2101
2112
2142
2146
2148
2165
2236
2248
2342
2364
2406
2422
2437
2452
2455
2462
2562
2571
2580
2616
2627
2711
2730
2765
2795
2797
2857
2860
2876
2906
2934
2937
3116
3126
3344
3349
3390
3404
3406
3407
3444
3447
3462
3476
3479
3483
3510
3600
3650
3699
3731
3737
3760
3809
3870
3923
3988
3996
4003
4058
4080
4128
4158
4172
4204
4261
4322
4329
4396
4415
4423
4430
4453
4467
4572
4573
4604
4697
4720
4721
4787
4837
4851
4880
4921
4932
4956
4997
5030
5079
5081
5108
5152
5156
5204
5211